countrycode,drawing,word
NL,"[[[255, 220, 130, 65, 39, 8, 1, 1, 5, 14, 27, 70, 175, 236, 247, 255, 248, 241], [19, 10, 0, 2, 7, 30, 43, 63, 76, 87, 94, 96, 89, 74, 66, 46, 20, 15]], [[55, 48, 50, 61, 67, 74, 69, 62], [27, 66, 72, 76, 71, 49, 32, 25]], [[116, 108, 111, 114, 128, 132, 133, 128], [30, 70, 83, 85, 82, 74, 56, 31]]]",bread
US,"[[[5, 87, 186], [249, 249, 254]], [[10, 1, 1, 15, 25, 16, 11, 7, 9, 19, 46, 75, 102, 126, 145, 148, 167, 207, 239, 254, 255, 244, 213, 208, 194, 191, 186], [247, 219, 154, 101, 85, 79, 71, 59, 44, 30, 10, 1, 0, 9, 31, 24, 11, 8, 25, 50, 68, 87, 108, 119, 233, 249, 252]]]",bread
FI,"[[[61, 49, 20, 10, 2, 0, 35, 57, 153, 222, 252, 255, 253, 250, 232, 185, 95, 73, 57], [16, 17, 25, 33, 46, 65, 86, 89, 90, 82, 69, 58, 46, 41, 30, 12, 0, 0, 6]], [[55, 64, 72, 82, 91, 104, 108], [22, 44, 51, 53, 41, 2, 2]], [[125, 130, 141, 153, 157, 166, 174], [11, 15, 48, 59, 59, 46, 13]], [[184, 207], [14, 56]]]",bread
US,"[[[14, 18, 21, 97, 143, 170, 174, 163, 163, 168, 171, 170, 165, 161, 150, 135, 125, 114, 107, 98, 85, 72, 48, 17, 6, 0, 1, 11], [108, 115, 217, 223, 231, 229, 221, 148, 130, 123, 109, 73, 32, 23, 13, 8, 16, 29, 49, 57, 38, 29, 19, 19, 41, 66, 82, 120]], [[160, 160, 167, 219, 255], [15, 11, 9, 8, 0]], [[172, 179, 188], [231, 239, 237]]]",bread
US,"[[[249, 249], [19, 19]], [[247, 248, 230, 192, 148, 112, 63, 23, 7, 1, 0, 3, 25, 196, 223, 240, 252, 255], [14, 35, 67, 96, 118, 129, 133, 125, 114, 107, 97, 90, 74, 5, 0, 3, 15, 32]], [[68, 86, 96, 102, 105, 85], [66, 100, 111, 111, 98, 53]], [[109, 122, 140, 143, 138, 138], [45, 75, 95, 84, 61, 42]], [[160, 176, 192, 196, 196, 192], [22, 55, 68, 62, 44, 13]]]",bread
US,"[[[186, 131, 80, 26, 10, 9, 13, 46, 91, 148, 173, 200, 215, 228, 246, 255, 254, 241, 232, 191, 175, 171], [16, 9, 12, 37, 61, 86, 100, 149, 196, 229, 234, 233, 226, 215, 187, 136, 77, 52, 42, 8, 0, 19]], [[63, 17, 7, 2, 0, 11, 37, 64, 70], [5, 4, 9, 28, 95, 115, 149, 177, 180]]]",bread
US,"[[[21, 14, 2, 0, 4, 12, 33, 77, 86, 105, 135, 163, 172, 216, 226, 247, 253, 251, 255, 255, 244, 224, 203, 179, 157, 100, 57, 21], [206, 193, 117, 72, 40, 19, 8, 11, 14, 33, 27, 2, 0, 10, 17, 33, 43, 86, 165, 174, 179, 177, 162, 164, 173, 177, 187, 204]], [[39, 37, 41, 41, 63, 126, 159, 199, 209, 224, 226, 216, 210, 200, 189, 158, 138, 133, 123, 121, 78, 57, 48, 37, 31, 31, 37], [72, 92, 113, 156, 142, 128, 128, 144, 142, 121, 112, 72, 62, 62, 56, 58, 68, 80, 76, 66, 49, 50, 55, 68, 91, 101, 109]]]",bread
US,"[[[137, 64, 22, 15, 1, 1, 22, 62, 100, 188, 225, 244, 254, 255, 250, 221, 184, 159, 114], [0, 3, 11, 15, 35, 54, 83, 106, 117, 121, 112, 101, 76, 60, 46, 20, 5, 2, 2]], [[85, 77, 78, 81, 84], [6, 46, 60, 65, 64]], [[126, 126, 130], [11, 52, 65]], [[188, 180, 180, 183], [17, 55, 76, 91]]]",bread
BR,"[[[99, 65, 39, 13, 1, 1, 10, 29, 87, 113, 146, 176, 196, 223, 245, 253, 254, 248, 230, 167, 138, 73], [39, 37, 43, 61, 79, 89, 100, 110, 128, 133, 134, 128, 120, 105, 89, 77, 63, 54, 43, 25, 25, 36]], [[80, 54, 34], [21, 54, 85]], [[164, 135, 81], [0, 30, 98]], [[222, 141], [21, 133]]]",bread
US,"[[[52, 62, 90, 113, 137, 170, 189, 208, 217, 250, 255, 255, 250, 222, 207, 193, 142, 62, 19, 5, 0], [132, 108, 76, 57, 28, 10, 9, 19, 33, 66, 80, 99, 118, 160, 175, 179, 179, 165, 151, 151, 156]], [[118, 123, 123], [113, 94, 66]], [[137, 137], [52, 52]], [[146, 146], [85, 90]], [[161, 175, 179], [137, 113, 85]], [[189, 194], [42, 33]], [[194, 184, 175], [14, 0, 0]]]",bread
US,"[[[118, 50, 37, 25, 6, 1, 1, 17, 43, 75, 145, 205, 243, 245, 231, 174, 131, 88], [18, 18, 22, 31, 56, 76, 100, 115, 124, 128, 127, 119, 106, 103, 84, 34, 12, 0]], [[106, 152, 208, 228, 248, 252, 255, 252, 245, 193], [18, 19, 27, 33, 46, 53, 71, 101, 105, 115]]]",bread
KH,"[[[0, 9, 26, 49, 69, 88, 116, 153, 208, 216, 247, 253, 131, 29, 9, 10, 29, 42, 79, 94, 107, 129, 144, 151, 198, 218, 226, 235, 250, 255, 253], [70, 57, 45, 41, 30, 27, 29, 27, 29, 32, 63, 73, 85, 82, 62, 54, 26, 19, 12, 3, 0, 2, 8, 16, 10, 10, 14, 19, 44, 61, 70]]]",bread
US,"[[[12, 0, 2, 13, 30, 43, 59, 66, 95, 101, 116, 129, 139, 149, 152, 151, 162, 51, 43], [219, 141, 103, 67, 39, 41, 59, 97, 41, 35, 28, 27, 32, 56, 72, 107, 206, 207, 205]], [[25, 62, 88, 195, 243, 254], [46, 34, 30, 24, 3, 1]], [[149, 162, 186, 234], [51, 55, 53, 36]]]",bread
US,"[[[12, 13, 19, 23, 26, 18, 10, 9, 13, 23, 40, 67, 75, 87, 101, 126, 167, 177, 196, 213, 220, 250, 255, 243, 242, 229, 216, 69, 0], [250, 166, 132, 121, 55, 50, 35, 13, 7, 1, 0, 6, 10, 26, 33, 38, 39, 33, 13, 4, 4, 19, 28, 62, 109, 237, 243, 246, 254]], [[0, 0], [254, 254]]]",bread
US,"[[[17, 18, 1, 0, 2, 21, 36, 69, 93, 110, 118, 122, 124, 113, 103, 90, 46, 13], [20, 135, 200, 220, 228, 244, 251, 255, 248, 237, 227, 206, 126, 53, 25, 17, 2, 30]], [[51, 146, 158, 169, 173, 180, 190, 190, 185, 177, 168, 136, 90, 84], [1, 0, 4, 9, 17, 59, 196, 212, 229, 237, 240, 241, 233, 227]]]",bread
IT,"[[[223, 209, 178, 94, 58, 40, 27, 13, 4, 0, 3, 10, 17, 36, 86, 148, 175, 233, 247, 251, 255, 251, 232, 214], [11, 5, 1, 1, 4, 11, 21, 40, 57, 82, 97, 110, 112, 114, 108, 115, 111, 91, 77, 69, 49, 39, 18, 14]], [[58, 72, 80, 88], [74, 36, 26, 23]], [[111, 130, 138], [60, 25, 18]], [[161, 184], [54, 21]]]",bread
ID,"[[[5, 26, 113, 174, 215, 231, 241, 254, 254, 247, 236, 121, 56, 36, 12, 1, 0, 12], [40, 31, 13, 7, 7, 10, 16, 39, 50, 57, 62, 88, 99, 99, 84, 63, 45, 25]], [[37, 49, 63, 59], [30, 66, 60, 37]], [[56, 56], [25, 25]], [[83, 92, 101, 108, 113, 114], [20, 46, 53, 53, 51, 46]], [[114, 107], [41, 14]], [[139, 141, 148, 160, 171], [12, 33, 48, 49, 38]], [[171, 168], [30, 14]], [[183, 196, 203, 207], [10, 29, 32, 28]], [[209, 219, 219], [25, 10, 0]]]",bread
GB,"[[[49, 35, 13, 5, 0, 3, 27, 30, 27, 34, 173, 197, 206, 212, 213, 205, 237, 253, 255, 224, 213, 198, 174, 140, 109, 105, 94, 62, 36, 16, 14], [48, 41, 50, 61, 91, 96, 106, 146, 234, 236, 234, 231, 207, 175, 150, 92, 81, 67, 58, 12, 3, 0, 2, 48, 74, 67, 58, 43, 37, 39, 42]], [[76, 57, 42, 28, 45, 41, 51, 72, 96, 115, 137, 154, 179, 203, 213, 209, 203, 221, 222, 212, 193, 187, 167, 144], [79, 71, 70, 79, 99, 193, 210, 213, 211, 206, 209, 208, 191, 151, 126, 81, 65, 64, 60, 36, 27, 27, 49, 80]]]",bread
IE,"[[[8, 96, 98, 97, 94, 26, 7, 0, 3], [5, 3, 88, 125, 130, 127, 120, 87, 9]], [[22, 15, 12, 13, 19, 51, 79, 85, 86, 88, 81, 31], [14, 43, 86, 104, 108, 110, 119, 117, 114, 14, 11, 17]], [[31, 29, 22], [17, 12, 12]], [[125, 124, 121, 122, 129, 139, 143, 138, 130, 122, 117], [0, 35, 53, 41, 29, 25, 30, 41, 48, 51, 48]], [[157, 157, 152, 157, 170], [30, 46, 35, 24, 24]], [[181, 193, 199, 188, 173, 172, 176, 185], [40, 39, 31, 30, 41, 49, 53, 56]], [[218, 209, 204, 208, 215, 222, 219, 227], [40, 41, 51, 54, 52, 43, 51, 61]], [[246, 234, 229, 234, 239, 253, 252, 245, 238, 234, 237, 247], [40, 47, 57, 67, 66, 44, 20, 5, 7, 27, 48, 65]], [[187, 135, 116], [90, 90, 96]], [[132, 118, 90, 73, 72, 92, 178, 199], [78, 79, 95, 108, 113, 121, 132, 139]], [[31, 17, 38, 29, 39, 18, 39, 22, 30, 51, 31, 53, 37, 54, 72, 62, 66, 86, 73, 77, 76, 70, 71, 87, 72, 77, 64, 69, 42, 46, 35, 25, 21, 23, 26, 36, 31, 33], [21, 34, 20, 39, 35, 66, 44, 64, 62, 48, 83, 68, 97, 87, 71, 103, 104, 84, 113, 98, 80, 82, 77, 41, 52, 29, 39, 26, 51, 36, 45, 65, 82, 85, 84, 71, 93, 110]]]",bread
GB,"[[[18, 8, 1, 0, 9, 16, 28, 36, 54, 121, 161, 172, 197, 211, 223, 222, 202, 204, 211, 213, 211, 197, 160, 61, 45, 39, 38, 47, 38, 16, 17], [37, 33, 19, 6, 0, 0, 6, 24, 33, 39, 36, 31, 7, 1, 3, 20, 47, 96, 138, 239, 243, 251, 255, 254, 251, 234, 211, 126, 92, 51, 37]]]",bread
MY,"[[[62, 54, 38, 4, 0, 0, 5, 15, 53, 72, 113, 116, 98, 95, 101, 121, 124, 145, 167, 157, 156, 158, 178, 182, 179, 179, 189, 201, 212, 215, 215, 227, 240, 255], [139, 139, 128, 81, 63, 41, 30, 22, 4, 1, 1, 6, 31, 62, 77, 101, 30, 1, 0, 27, 59, 67, 93, 84, 79, 41, 16, 8, 9, 15, 64, 88, 30, 1]]]",bread
KR,"[[[180, 146, 78, 36, 0, 2, 41, 122, 192, 244, 255, 255, 247, 236, 210, 152, 152], [141, 133, 133, 129, 104, 75, 27, 0, 5, 32, 55, 79, 115, 129, 132, 130, 127]], [[209, 192, 189, 189, 197], [9, 42, 66, 115, 130]], [[153, 142, 137, 136, 138, 143], [12, 38, 68, 128, 148, 150]], [[102, 89, 78, 75, 77, 81], [7, 24, 66, 107, 131, 138]]]",bread
MD,"[[[165, 154, 138, 81, 44, 23, 6, 1, 1, 8, 16, 46, 99, 125, 149, 188, 225, 243, 248, 254, 254, 242, 223, 174, 111], [14, 5, 0, 3, 15, 27, 44, 61, 77, 88, 96, 113, 130, 134, 134, 130, 120, 104, 96, 80, 62, 42, 31, 20, 14]], [[79, 61], [23, 58]], [[124, 108, 104], [36, 62, 78]], [[169, 153], [49, 86]], [[208, 190], [58, 100]], [[85, 77, 68], [59, 67, 86]]]",bread
US,"[[[21, 24, 3, 1, 14, 29, 78, 175, 205, 225, 233, 231, 222, 204, 125, 48, 34, 24], [53, 73, 139, 172, 181, 182, 171, 168, 162, 154, 137, 41, 13, 3, 4, 1, 40, 80]], [[86, 86], [82, 82]], [[183, 183], [68, 68]], [[145, 145], [97, 97]], [[0, 0], [162, 162]], [[72, 72], [87, 87]], [[156, 156], [46, 46]], [[189, 189], [50, 50]], [[226, 251, 255], [0, 11, 34]]]",bread
US,"[[[37, 27, 7, 0, 4, 12, 27, 46, 53, 65, 76, 77, 113, 156, 151, 152, 172, 182, 194, 199, 197, 185, 185, 187, 203, 171, 120, 32], [133, 63, 46, 37, 24, 16, 13, 14, 19, 37, 42, 47, 34, 36, 8, 1, 1, 3, 14, 27, 37, 44, 61, 80, 119, 115, 118, 136]], [[129, 134, 140, 147, 95, 108, 128, 166, 172, 172, 215, 255, 246], [163, 137, 136, 152, 194, 185, 176, 169, 172, 176, 171, 173, 177]]]",bread
IN,"[[[0, 10, 26, 59, 85, 98, 149, 183, 224, 241, 252, 255, 253, 244, 234, 195, 106, 53, 32, 11, 3, 3, 8], [125, 98, 74, 48, 22, 14, 3, 8, 37, 57, 79, 94, 108, 126, 132, 139, 140, 157, 159, 154, 146, 128, 117]], [[41, 50, 58, 62, 62, 58], [78, 99, 137, 105, 77, 69]], [[98, 106, 108, 117, 115], [30, 76, 112, 42, 17]], [[142, 159, 165, 165], [12, 53, 94, 0]]]",bread
US,"[[[38, 21, 3, 0, 1, 5, 36], [0, 11, 51, 71, 87, 96, 119]], [[35, 73, 103, 154, 174, 189, 190, 188, 169], [12, 3, 1, 18, 34, 56, 84, 90, 101]], [[43, 28, 20, 12, 11, 26, 77, 104, 151, 162, 162, 157], [127, 128, 132, 163, 244, 248, 248, 255, 255, 215, 154, 82]]]",bread
US,"[[[57, 50, 35, 5, 0, 1, 17, 72, 115, 234, 250, 255, 251, 236, 187, 127, 40], [10, 7, 8, 24, 32, 39, 50, 64, 67, 70, 67, 62, 49, 36, 14, 4, 3]], [[53, 64], [5, 27]], [[75, 83, 92], [1, 9, 26]], [[95, 110, 113], [0, 18, 31]], [[118, 130, 138], [5, 19, 38]], [[141, 143], [5, 7]]]",bread
HR,"[[[212, 171, 91, 25, 12, 0, 0, 12, 20, 36, 67, 130, 193, 236, 253, 254, 242, 226, 209, 199, 201], [14, 10, 15, 27, 34, 51, 64, 86, 94, 103, 113, 121, 117, 101, 81, 51, 27, 10, 0, 0, 3]], [[181, 172, 173, 183, 194], [15, 33, 49, 66, 72]], [[124, 119, 116, 117, 134, 139, 139], [9, 12, 21, 44, 80, 84, 82]], [[78, 68, 66, 70, 80, 87, 87], [26, 39, 60, 76, 94, 104, 100]]]",bread
GB,"[[[84, 133, 138, 139, 129, 94, 86], [104, 104, 106, 111, 116, 116, 104]], [[98, 98], [104, 105]], [[111, 111], [107, 107]], [[111, 111], [107, 107]], [[111, 113], [104, 108]], [[120, 122], [103, 109]], [[131, 130], [105, 106]], [[91, 89], [104, 104]], [[173, 150, 34, 23, 145, 179, 224, 221, 201, 143, 67, 97, 213, 215, 84, 82, 90, 179, 183, 150, 157, 160, 155, 165, 175, 178, 184, 188, 123, 53, 0, 24, 41, 167, 182, 158, 156, 153, 147, 149, 226, 227, 255, 255, 170, 117, 86, 64, 59, 54, 54, 59, 73, 76, 70, 21], [33, 48, 95, 104, 78, 74, 74, 83, 99, 134, 159, 148, 117, 111, 135, 144, 130, 79, 73, 87, 83, 75, 77, 99, 100, 86, 83, 75, 65, 79, 184, 202, 202, 184, 162, 140, 150, 150, 178, 201, 202, 171, 147, 131, 76, 54, 38, 18, 21, 30, 41, 58, 73, 71, 55, 0]]]",bread
US,"[[[200, 136, 76, 36, 10, 3, 0, 7, 21, 70, 124, 164, 191, 226, 247, 254, 255, 253, 243, 227, 214, 184], [0, 0, 13, 33, 60, 73, 111, 124, 134, 146, 149, 148, 138, 117, 96, 78, 51, 42, 29, 14, 7, 4]], [[71, 61, 59, 65, 75], [48, 76, 110, 123, 131]], [[146, 127, 119, 118, 120, 129], [31, 64, 88, 117, 122, 127]], [[197, 178, 174, 175, 179, 213, 215, 208, 208], [30, 62, 82, 109, 115, 53, 35, 23, 4]]]",bread
DE,"[[[5, 27, 46, 85, 150, 191, 219, 244, 254, 255, 247, 232, 218, 178, 80, 40, 20, 9, 0, 3], [132, 90, 67, 42, 12, 1, 0, 10, 30, 47, 70, 93, 106, 135, 180, 186, 180, 168, 149, 120]], [[34, 42, 58, 97, 110, 112, 111, 97, 64, 49], [82, 104, 128, 149, 151, 148, 136, 109, 80, 72]], [[97, 104, 121, 133, 146, 173, 176, 172, 164, 155, 142, 104], [51, 75, 106, 121, 128, 126, 123, 95, 78, 67, 59, 52]], [[162, 184, 200, 208, 218, 227, 228, 222, 205, 180, 162, 162], [21, 69, 94, 98, 97, 85, 77, 42, 18, 13, 13, 17]]]",bread
RU,"[[[113, 84, 53, 19, 1, 2, 13, 40, 84, 144, 180, 218, 244, 255, 254, 243, 228, 206, 174, 144], [11, 16, 30, 51, 77, 102, 118, 128, 134, 133, 127, 106, 84, 63, 38, 18, 6, 1, 0, 7]], [[133, 125], [9, 10]], [[119, 110], [10, 12]], [[103, 99], [16, 17]], [[58, 71, 84, 91, 91, 93, 85, 77], [37, 39, 47, 62, 72, 45, 26, 16]], [[123, 129, 137, 145, 147], [11, 15, 29, 58, 52]]]",bread
AR,"[[[141, 111, 56, 13, 4, 0, 24, 53, 101, 141, 174, 203, 247, 253, 255, 234, 177, 127, 94], [12, 18, 46, 84, 98, 116, 130, 135, 128, 114, 98, 76, 27, 19, 10, 0, 0, 12, 31]], [[173, 176, 192], [25, 35, 54]], [[130, 135], [57, 94]], [[71, 76], [85, 100]]]",bread
IT,"[[[6, 0, 1, 13, 24, 71, 95, 129, 176, 216, 225, 239, 247, 255, 255, 249, 221, 183, 146, 81, 6], [143, 133, 103, 70, 52, 16, 6, 0, 5, 18, 24, 42, 65, 124, 134, 140, 157, 169, 173, 168, 144]], [[47, 71, 92, 99, 102, 90], [36, 69, 117, 96, 60, 23]], [[142, 161, 167, 177, 183, 182], [8, 66, 107, 86, 63, 30]]]",bread
CZ,"[[[209, 177, 138, 78, 36, 15, 6, 0, 0, 5, 37, 91, 251, 255, 255, 250, 234, 204, 179], [50, 68, 77, 77, 66, 54, 44, 31, 23, 16, 5, 1, 2, 12, 25, 34, 40, 45, 52]], [[168, 171, 180], [6, 33, 51]], [[125, 133], [8, 56]], [[109, 98, 90], [9, 36, 67]], [[52, 40], [1, 48]]]",bread
GB,"[[[33, 30, 33, 117, 118, 114, 120, 139, 142, 138, 109, 101, 67, 39, 18, 7, 1, 2, 11, 27, 35], [39, 110, 112, 112, 59, 43, 41, 43, 40, 23, 20, 12, 0, 1, 11, 21, 34, 40, 42, 37, 39]], [[67, 226, 231, 249, 255, 255, 240, 231], [3, 2, 13, 18, 29, 34, 39, 91]]]",bread
IQ,"[[[168, 164, 163, 169, 185, 200, 205, 206], [102, 95, 81, 75, 68, 67, 74, 90]], [[208, 191, 159, 137, 121, 107, 106, 109, 122, 142, 144], [91, 99, 106, 96, 77, 75, 96, 105, 111, 103, 99]], [[99, 111, 135, 157, 195, 215, 221, 229, 228, 221, 217, 198], [106, 139, 171, 187, 188, 178, 171, 143, 121, 91, 84, 72]], [[255, 247, 232, 172, 132, 98, 82, 40, 9, 1, 0, 3], [81, 68, 54, 11, 0, 0, 4, 38, 72, 108, 129, 237]]]",bread
RU,"[[[146, 129, 106, 47, 27, 17, 0, 2, 24, 59, 103, 190, 225, 251, 255, 252, 209, 175, 129, 128], [86, 92, 95, 95, 91, 81, 37, 22, 11, 4, 1, 0, 4, 13, 21, 33, 62, 91, 93, 90]], [[45, 41, 51, 68, 83, 90, 90, 84, 68, 53, 46, 44, 55], [29, 56, 65, 73, 74, 66, 51, 35, 18, 15, 26, 40, 50]], [[125, 128, 139, 148], [38, 54, 66, 72]]]",bread
US,"[[[8, 199, 233, 238, 242, 239, 236, 227, 199, 175, 126, 30, 24, 16, 11, 9, 5, 0, 5], [16, 16, 13, 21, 45, 117, 125, 132, 137, 134, 121, 119, 117, 111, 102, 53, 29, 22, 14]], [[5, 5, 71, 92, 101, 214, 232, 251, 255, 255, 250, 249, 245, 203, 120, 64, 32, 23], [14, 2, 4, 11, 11, 7, 1, 0, 8, 42, 65, 122, 125, 137, 140, 128, 127, 122]]]",bread
GB,"[[[123, 133, 133, 113, 80, 55, 32, 7, 0, 1, 16, 31, 87, 154, 225, 251, 255, 252, 226, 156, 108], [19, 15, 9, 2, 0, 5, 19, 49, 67, 83, 94, 97, 97, 89, 72, 57, 47, 40, 25, 13, 12]], [[69, 65, 63, 53, 55, 75, 82], [9, 5, 7, 42, 45, 19, 2]], [[129, 127, 125, 109, 125, 149], [11, 8, 9, 51, 41, 14]], [[174, 166, 183, 204, 214], [24, 59, 48, 24, 23]]]",bread
US,"[[[60, 47, 35, 13, 1, 0, 13, 28, 49, 80, 97, 146, 181, 232, 245, 244, 239, 184, 190, 216, 235, 246, 255, 249, 235, 206, 139, 105, 45, 33, 25, 19, 26, 45, 52], [148, 136, 117, 99, 81, 68, 50, 35, 20, 5, 0, 2, 19, 56, 75, 82, 89, 116, 123, 134, 149, 174, 206, 232, 240, 248, 249, 255, 252, 244, 230, 175, 161, 146, 144]]]",bread
US,"[[[100, 94, 54, 27, 19, 11, 1, 0, 16, 36, 65, 168, 224, 241, 247, 252, 255, 255, 245, 202, 188, 166, 107, 59, 50, 42, 37, 37, 46, 57], [90, 95, 108, 109, 106, 98, 69, 31, 16, 5, 0, 0, 6, 12, 18, 26, 47, 64, 106, 205, 218, 225, 229, 215, 210, 200, 182, 134, 95, 87]]]",bread
US,"[[[24, 20, 25, 121, 158, 230, 214, 211, 200], [103, 219, 220, 204, 193, 163, 103, 62, 60]], [[21, 6, 1, 0, 20, 34, 83, 118, 171, 201, 231, 250, 255, 251, 217, 207, 208, 214, 225], [102, 100, 91, 81, 54, 43, 19, 7, 0, 0, 7, 16, 30, 46, 59, 69, 81, 99, 118]]]",bread
AU,"[[[13, 6, 0, 3, 10, 21, 46, 71, 101, 147, 186, 210, 231, 251, 255, 252, 238, 217, 187, 155, 55, 13], [142, 129, 99, 51, 37, 23, 9, 3, 0, 1, 6, 14, 26, 49, 63, 79, 95, 108, 120, 129, 146, 146]], [[13, 18, 33, 39, 48, 63, 77, 96, 108, 123, 150, 169, 203, 230], [42, 25, 11, 14, 28, 16, 25, 17, 16, 29, 18, 23, 15, 28]]]",bread
US,"[[[50, 98, 118, 145, 155, 208, 227, 255, 253, 233, 224, 214, 216, 220, 217, 206, 212, 217, 222, 225, 222, 227, 233, 233, 215, 217, 201, 190, 182, 162, 146, 113, 108, 84, 71, 24, 19, 23, 21, 2, 1, 10, 34, 56, 69], [198, 193, 199, 197, 191, 207, 191, 186, 176, 147, 126, 93, 78, 94, 110, 132, 119, 119, 125, 141, 165, 156, 129, 111, 49, 23, 21, 27, 36, 70, 53, 5, 3, 1, 10, 28, 47, 60, 83, 115, 140, 152, 167, 189, 213]], [[128, 121, 113], [119, 126, 127]]]",bread
MY,"[[[154, 156, 162, 183, 201, 226, 254, 255, 241, 227, 192, 173, 155], [127, 88, 66, 31, 14, 14, 29, 46, 82, 98, 125, 130, 126]], [[176, 197, 207, 214, 225], [117, 94, 70, 46, 34]], [[25, 28, 8, 0, 2, 12, 22, 36, 60, 108, 137, 146, 146, 141, 133, 106, 92, 90, 69, 45, 33], [135, 98, 73, 55, 32, 17, 10, 4, 0, 0, 15, 38, 57, 75, 80, 79, 91, 129, 135, 127, 129]]]",bread
US,"[[[26, 24, 36, 48, 74, 104, 131, 143, 162, 184, 223, 241, 255], [50, 43, 18, 7, 0, 7, 36, 43, 35, 13, 4, 12, 45]], [[39, 30, 25, 24, 10, 9, 0, 32, 113, 189, 208, 233, 245, 250, 251, 246, 249], [34, 47, 66, 89, 132, 152, 190, 198, 198, 193, 184, 185, 159, 133, 101, 68, 52]]]",bread
GB,"[[[15, 9, 6, 1, 0, 5, 129, 132, 130, 114, 87, 10], [17, 19, 24, 47, 65, 84, 80, 68, 46, 24, 19, 20]], [[197, 182, 168, 163, 159, 158, 163, 177, 176, 181, 190, 235, 246, 243, 253, 254, 241, 225, 190], [0, 1, 5, 9, 18, 24, 28, 33, 61, 79, 84, 83, 80, 36, 25, 15, 7, 4, 5]]]",bread
SK,"[[[196, 122, 92, 50, 34, 7, 0, 0, 11, 58, 95, 205, 231, 246, 255, 255, 245, 221, 195, 159, 140], [10, 18, 19, 26, 31, 52, 65, 72, 87, 110, 118, 119, 110, 92, 64, 48, 30, 12, 1, 0, 3]], [[117, 116, 128, 130, 132], [17, 30, 54, 55, 52]], [[146, 152, 177, 181], [21, 23, 56, 56]], [[182, 207], [23, 56]]]",bread
TH,"[[[0, 33, 23, 26, 39, 58, 75, 153, 197, 212, 220, 239, 254, 254, 249, 226, 183, 157, 152, 82, 47, 18, 4], [170, 95, 73, 46, 29, 17, 11, 0, 0, 5, 9, 31, 71, 96, 105, 122, 127, 192, 197, 196, 183, 165, 160]], [[55, 47, 47, 53, 72, 141, 180, 187, 199, 208, 206, 200, 164, 160, 153, 143, 130, 122, 110, 90, 67, 50], [86, 64, 49, 41, 32, 19, 19, 23, 41, 86, 95, 100, 101, 104, 124, 175, 185, 185, 175, 167, 159, 158]]]",bread
US,"[[[114, 86, 20, 6, 0, 2, 10, 28, 64, 100, 180, 217, 230, 248, 255, 255, 249, 229, 198, 182, 176, 175, 168, 111, 97, 94, 93, 110, 111], [127, 115, 95, 87, 78, 66, 50, 29, 11, 0, 4, 11, 17, 32, 52, 62, 70, 82, 93, 115, 163, 222, 252, 240, 233, 229, 197, 149, 127]]]",bread
FR,"[[[129, 146, 149, 146, 140], [17, 31, 38, 59, 69]], [[126, 212, 250], [12, 11, 13]], [[250, 255, 248, 233, 201, 163, 139, 135], [14, 53, 66, 76, 86, 87, 82, 71]], [[124, 113, 109, 106, 106, 115, 125, 131, 133], [12, 20, 28, 36, 52, 66, 73, 75, 72]], [[121, 120, 124, 128, 127], [17, 21, 23, 22, 18]], [[129, 128, 135, 136, 127], [43, 49, 52, 46, 44]], [[113, 113, 117], [47, 53, 51]], [[193, 227], [4, 87]], [[192, 174], [0, 2]], [[174, 183, 204, 213, 232], [3, 34, 71, 94, 90]], [[174, 173, 215], [15, 27, 91]], [[227, 247, 247, 237, 221, 218, 213], [91, 108, 115, 120, 113, 96, 91]], [[21, 21, 25, 49, 81, 84, 82, 67, 61, 43, 25, 17], [52, 61, 69, 88, 93, 90, 81, 76, 64, 53, 46, 48]], [[30, 31, 42], [61, 69, 76]], [[37, 35], [70, 74]], [[19, 24, 74, 121, 109, 6, 2, 0, 1, 5], [89, 94, 103, 106, 129, 115, 113, 104, 95, 90]]]",bread
US,"[[[36, 12, 3, 0, 4, 11, 34, 124, 240, 248, 253, 255, 253, 234, 203], [55, 48, 37, 26, 16, 8, 0, 1, 8, 12, 20, 31, 38, 48, 51]], [[201, 196], [51, 53]], [[196, 188, 193, 187, 175, 145, 79, 63, 56, 48, 43, 38], [50, 85, 174, 182, 189, 196, 193, 190, 185, 167, 138, 64]]]",bread
US,"[[[171, 142, 108, 71, 41, 24, 10, 1, 1, 19, 67, 189, 252, 255, 252, 230, 207, 166], [15, 8, 9, 17, 30, 43, 59, 80, 99, 106, 105, 85, 68, 63, 52, 31, 18, 8]], [[47, 56, 69, 83, 89, 85, 77], [25, 28, 39, 66, 24, 14, 7]], [[112, 124, 134, 142, 149, 150, 148, 142], [8, 11, 20, 49, 27, 11, 5, 0]]]",bread
US,"[[[72, 51, 24, 11, 9, 19, 38, 61, 85, 115, 122, 123, 108, 88, 64, 26, 0], [2, 1, 12, 31, 69, 93, 109, 111, 106, 85, 68, 47, 23, 7, 0, 11, 28]], [[203, 162, 118, 116, 133, 161, 207, 247, 255], [10, 4, 34, 69, 105, 117, 108, 82, 55]], [[255, 253], [55, 46]], [[253, 211], [46, 6]]]",bread
US,"[[[86, 76, 28, 20, 18, 20, 34, 44, 78, 113, 172, 201, 227, 239, 252, 255, 251, 233, 224, 182, 182, 205, 99, 91, 87, 79], [106, 100, 98, 92, 81, 59, 44, 38, 25, 16, 3, 0, 0, 3, 16, 26, 47, 66, 72, 81, 88, 166, 204, 205, 192, 107]], [[64, 10, 0], [133, 133, 128]]]",bread
GB,"[[[160, 143, 126, 42, 33, 6, 0, 0, 12, 21, 44, 98, 127, 140, 189, 239, 246, 246, 227, 201, 174, 154], [1, 3, 15, 99, 113, 179, 210, 236, 249, 252, 255, 253, 239, 227, 170, 93, 68, 52, 29, 12, 6, 8]], [[57, 66, 83, 108], [142, 146, 164, 213]], [[89, 106, 132, 138, 138], [102, 110, 130, 148, 171]], [[135, 135, 153, 169, 177], [50, 54, 64, 80, 98]], [[153, 168, 184, 201, 217], [23, 22, 26, 36, 53]], [[35, 46, 55, 61, 62], [187, 194, 206, 219, 236]]]",bread
US,"[[[214, 169, 118, 73, 35, 16, 0, 2, 9, 34, 60, 85, 158, 205, 241, 255, 254, 246, 229, 184], [9, 6, 12, 22, 36, 48, 68, 75, 81, 91, 93, 87, 59, 46, 29, 15, 9, 3, 0, 2]], [[66, 55, 56, 61], [41, 63, 68, 69]], [[107, 99, 96], [34, 44, 65]], [[150, 140, 139], [23, 41, 51]], [[192, 179], [12, 41]]]",bread
TH,"[[[24, 13, 4, 0, 1, 12, 39, 53, 64, 79, 87, 95, 104, 148, 164, 171, 179, 206, 232, 248, 252, 255, 252, 251, 222, 207, 171, 122, 62, 29], [81, 72, 60, 50, 37, 20, 6, 7, 19, 2, 0, 2, 10, 12, 3, 2, 10, 7, 12, 19, 26, 51, 74, 77, 86, 86, 74, 72, 72, 80]], [[38, 47], [8, 24]], [[89, 96], [7, 18]], [[123, 139], [17, 35]], [[183, 183], [21, 21]]]",bread
US,"[[[28, 32, 31, 29, 4, 0, 7, 26, 42, 63, 96, 100, 158, 188, 200, 244, 255, 255, 248, 223, 220, 217, 219, 215, 200, 153, 146, 87, 63, 25, 20, 19, 25], [217, 170, 117, 111, 97, 77, 58, 31, 16, 12, 12, 7, 0, 0, 4, 45, 61, 85, 105, 112, 118, 152, 200, 212, 232, 236, 249, 240, 240, 246, 245, 240, 224]]]",bread
US,"[[[16, 16, 25, 27, 23, 5, 0, 5, 19, 40, 78, 112, 130, 137, 169, 194, 233, 233, 229, 215, 187, 183, 183, 192, 193, 189, 160, 127, 111, 45, 14], [255, 222, 160, 118, 108, 84, 49, 38, 21, 11, 11, 26, 6, 2, 0, 10, 43, 64, 70, 84, 97, 103, 119, 171, 207, 215, 238, 251, 254, 255, 250]]]",bread
EG,"[[[0, 17, 14, 16], [82, 204, 247, 255]], [[11, 5, 5, 10, 23, 53, 84, 96, 107, 108, 120, 129, 138, 153, 171, 187, 205, 212, 217, 215, 210, 196, 66, 30], [84, 73, 54, 38, 23, 15, 20, 33, 63, 47, 21, 9, 4, 1, 1, 8, 32, 61, 163, 234, 240, 242, 232, 235]]]",bread
US,"[[[154, 115, 75, 49, 16, 4, 0, 2, 15, 55, 121, 191, 216, 240, 247, 249, 246, 229, 184, 141], [129, 146, 151, 148, 136, 123, 106, 85, 63, 35, 10, 0, 1, 9, 16, 25, 44, 78, 120, 143]], [[33, 33, 42, 55, 68, 76, 83, 86, 83, 91], [61, 73, 86, 91, 88, 81, 68, 53, 34, 24]], [[120, 136, 139, 148, 163, 182, 187], [22, 62, 66, 68, 62, 42, 6]], [[225, 224, 228, 245, 255], [24, 45, 52, 48, 36]]]",bread
US,"[[[0, 12, 32, 47, 85, 147, 178, 200, 213, 226, 243, 255, 253, 223, 178, 64, 46, 24, 4, 4], [96, 58, 34, 24, 8, 5, 10, 19, 30, 47, 80, 116, 120, 127, 125, 134, 133, 124, 102, 93]], [[102, 92, 92, 110, 117], [8, 33, 67, 37, 6]], [[120, 131, 133, 141, 144, 139], [4, 32, 65, 54, 29, 0]], [[149, 149], [7, 7]]]",bread
SE,"[[[34, 71, 143, 191, 231, 251, 254, 251, 240, 215, 177, 124, 72, 31, 6, 0, 1, 35, 53, 63], [10, 4, 4, 9, 19, 32, 47, 56, 67, 76, 82, 83, 78, 66, 49, 41, 34, 2, 0, 4]], [[41, 48, 56, 62, 62, 53, 47, 42, 37], [22, 48, 49, 45, 29, 18, 18, 23, 33]], [[107, 114], [8, 32]]]",bread
US,"[[[0, 9, 22, 75, 118, 150, 182, 215, 243, 251, 255, 252, 230, 225, 220, 219, 214, 191, 143, 89, 32, 31, 45, 47, 45, 38, 15, 9, 17], [74, 57, 45, 19, 4, 0, 2, 16, 44, 56, 73, 86, 108, 122, 158, 220, 240, 245, 239, 239, 249, 230, 173, 127, 116, 107, 101, 93, 63]]]",bread
CA,"[[[44, 21, 9, 2, 2, 25, 44, 64, 124, 141, 152, 157, 156, 150, 140, 116, 100], [100, 116, 117, 110, 85, 60, 49, 42, 40, 45, 54, 69, 90, 99, 105, 109, 107]], [[43, 26, 22, 25, 83, 148, 134, 119, 110], [94, 170, 207, 210, 200, 185, 157, 109, 99]], [[4, 62, 139, 154, 180, 211, 230, 235, 233, 255], [73, 40, 4, 0, 2, 17, 36, 54, 73, 141]]]",bread
DE,"[[[74, 70, 69, 75, 84, 104, 120, 171, 188, 195, 199, 198, 189, 133, 94, 74, 46, 8, 2, 0, 6, 36, 49, 64, 80], [118, 142, 198, 222, 235, 247, 253, 253, 247, 236, 223, 205, 182, 82, 31, 15, 4, 0, 0, 14, 45, 114, 129, 134, 136]], [[175, 151, 136, 111, 103, 38, 10, 3, 2, 13, 39, 74, 86], [245, 235, 224, 190, 184, 175, 168, 170, 185, 194, 201, 200, 214]]]",bread
HU,"[[[232, 182, 122, 47, 13, 3, 0, 3, 13, 61, 102, 169, 208, 244, 254, 253, 240, 222], [10, 0, 0, 12, 21, 28, 35, 42, 51, 71, 78, 75, 68, 54, 40, 26, 12, 9]], [[68, 65], [9, 42]], [[94, 103, 105], [6, 42, 41]], [[140, 148], [2, 48]], [[181, 184], [8, 25]]]",bread
CL,"[[[31, 33, 31, 9, 0, 4, 12, 21, 45, 66, 112, 160, 175, 200, 217, 228, 237, 238, 235, 227, 196, 55, 34], [28, 46, 69, 108, 144, 200, 215, 224, 242, 249, 250, 238, 237, 224, 208, 171, 86, 40, 18, 2, 2, 28, 24]], [[25, 28, 25, 8, 8, 13, 43, 74, 134, 193], [36, 123, 152, 219, 234, 246, 255, 253, 244, 228]]]",bread
DE,"[[[190, 160, 101, 8, 2, 10, 20, 48, 77, 95, 127, 156, 196, 236, 246, 255, 254, 248, 218, 188, 173], [0, 8, 9, 33, 43, 69, 83, 96, 98, 102, 102, 96, 98, 83, 75, 53, 34, 25, 11, 5, 12]], [[54, 53, 64], [50, 68, 59]], [[92, 89, 94], [43, 74, 65]], [[115, 119, 122, 128], [40, 51, 84, 81]], [[158, 160, 164, 168], [30, 67, 71, 68]], [[184, 193, 195, 198], [35, 60, 86, 81]], [[220, 209], [37, 72]], [[56, 46, 46], [42, 61, 79]], [[24, 11, 1, 0, 14, 78, 156, 179, 205, 250, 253, 240, 230, 161, 81, 24], [29, 36, 50, 56, 76, 99, 112, 110, 102, 57, 41, 27, 23, 13, 16, 33]], [[57, 45, 45], [31, 61, 68]], [[92, 85, 84, 86], [26, 47, 85, 83]], [[113, 119, 119, 121, 124], [25, 41, 77, 80, 77]], [[160, 166, 170, 174], [17, 35, 66, 72]], [[190, 193, 195, 198, 201], [37, 91, 96, 93, 83]]]",bread
US,"[[[40, 44, 45, 42, 53, 132, 167, 188, 203, 228, 222, 204, 208, 245, 255, 250, 240, 229, 208, 152, 82, 32, 19, 9, 0, 0, 9, 16, 47], [84, 100, 132, 219, 222, 225, 237, 235, 225, 200, 151, 97, 83, 73, 60, 46, 32, 22, 11, 1, 0, 13, 20, 31, 50, 57, 71, 76, 91]], [[80, 80], [67, 67]], [[69, 69], [123, 124]]]",bread
US,"[[[31, 23, 8, 2, 0, 2, 14, 36, 38, 35, 39, 68, 132, 136, 136, 128, 137, 148, 155, 155, 127, 70, 50, 39], [60, 61, 72, 82, 94, 98, 103, 104, 107, 194, 215, 219, 222, 200, 148, 95, 95, 87, 75, 60, 51, 46, 48, 56]], [[138, 161, 188, 255], [220, 197, 177, 116]], [[23, 38, 79, 140], [57, 51, 24, 0]]]",bread
HK,"[[[59, 32, 9, 2, 0, 0, 6, 21, 67, 118, 181, 197, 222, 237, 242, 242, 234, 214, 192], [132, 122, 103, 91, 78, 65, 52, 38, 14, 2, 0, 5, 21, 41, 68, 95, 117, 137, 144]], [[53, 51, 61, 61, 71, 198, 186, 185], [134, 161, 218, 242, 245, 255, 210, 142]], [[79, 79], [64, 64]], [[156, 156], [86, 86]], [[85, 83], [49, 70]], [[117, 117], [128, 128]], [[113, 110, 112, 120], [159, 169, 175, 181]], [[164, 164], [175, 175]], [[190, 190], [75, 75]], [[188, 176], [65, 89]], [[125, 117, 120], [190, 194, 208]], [[120, 130], [216, 226]]]",bread
US,"[[[39, 43, 41, 16, 8, 5, 9, 27, 72, 89, 108, 116, 121, 141, 161, 181, 199, 211, 222, 222, 215, 188, 188, 182, 174, 158, 99, 83, 48, 44, 46, 45, 41], [218, 187, 150, 124, 113, 98, 84, 68, 53, 53, 62, 75, 77, 64, 64, 68, 75, 84, 108, 118, 132, 155, 190, 217, 236, 245, 255, 255, 248, 238, 185, 179, 175]], [[0, 38, 59, 92], [92, 47, 25, 0]]]",bread
US,"[[[12, 26, 54, 99, 139, 165, 207, 233, 255], [34, 23, 11, 1, 1, 4, 19, 35, 56]], [[2, 1, 15, 38, 83, 151, 183, 210, 228, 251], [59, 96, 116, 127, 134, 137, 131, 119, 107, 79]], [[87, 77, 69], [15, 34, 61]], [[141, 125, 122], [6, 27, 41]], [[196, 186, 177], [19, 30, 48]]]",bread
CZ,"[[[24, 28, 36, 74, 143, 204, 226, 249, 255, 255, 251, 237, 188, 127, 91, 30, 4, 0, 1, 31, 35], [78, 88, 96, 110, 119, 117, 107, 84, 63, 51, 43, 34, 15, 1, 1, 16, 36, 46, 57, 91, 89]], [[64, 47], [13, 99]], [[103, 102, 91, 87], [10, 31, 68, 93]], [[143, 138], [32, 88]], [[193, 186], [58, 109]], [[241, 238], [52, 76]]]",bread
US,"[[[22, 16, 6, 1, 1, 7, 19, 31, 44, 68, 78, 92, 100, 113, 151, 181, 212, 224, 239, 255, 255, 239, 236], [105, 102, 86, 72, 50, 37, 25, 17, 13, 13, 17, 29, 42, 26, 8, 1, 0, 2, 13, 38, 48, 72, 81]], [[45, 62], [109, 232]], [[65, 151, 233], [235, 218, 206]], [[234, 236, 249], [87, 144, 187]]]",bread
US,"[[[10, 10, 3, 3, 8, 96, 175, 157, 154, 142, 147, 166, 178, 185, 185, 181, 158, 138, 120, 100, 41, 17, 7, 5, 36, 38, 9, 1, 1], [118, 141, 193, 222, 240, 255, 253, 170, 125, 121, 115, 106, 90, 68, 53, 45, 23, 10, 4, 1, 0, 7, 16, 33, 78, 89, 107, 113, 118]]]",bread
US,"[[[102, 152, 186, 218, 240, 253, 254, 244, 224, 198, 164, 112, 26, 8, 2, 1, 14, 61, 81, 107], [0, 11, 23, 39, 58, 80, 90, 100, 109, 111, 110, 102, 80, 70, 62, 34, 21, 10, 10, 15]], [[113, 105, 96, 87, 88], [9, 10, 17, 30, 37]], [[146, 140, 137], [11, 22, 39]], [[201, 187], [22, 49]], [[237, 228], [58, 67]]]",bread
DE,"[[[35, 44, 19, 7, 1, 2, 14, 23, 44, 107, 134, 148, 155, 150, 144, 128, 115, 112, 115, 109, 35], [180, 118, 112, 106, 97, 82, 67, 61, 54, 44, 54, 64, 77, 100, 109, 118, 120, 124, 169, 187, 187]], [[54, 109, 169, 203, 217, 247, 255, 251, 240, 217, 203, 205, 210], [49, 27, 8, 0, 7, 32, 48, 65, 81, 104, 112, 146, 156]]]",bread
GB,"[[[66, 47, 29, 16, 13, 25, 9, 2, 0, 7, 16, 47, 111, 171, 215, 239, 247, 255, 254, 246, 226, 204, 208, 219, 224, 227, 227, 206, 186], [192, 191, 184, 163, 107, 45, 45, 41, 28, 17, 11, 1, 0, 1, 7, 18, 27, 42, 52, 58, 50, 49, 52, 50, 55, 72, 112, 172, 190]]]",bread
SE,"[[[36, 25, 3, 0, 3, 11, 24, 47, 70, 85, 131, 177, 204, 249, 255, 250, 228, 197, 168, 125, 85, 36], [21, 28, 53, 60, 75, 92, 106, 127, 137, 136, 121, 110, 100, 91, 69, 31, 9, 0, 2, 12, 14, 21]], [[61, 65, 84, 87, 72, 64], [46, 69, 99, 79, 54, 47]], [[114, 118, 126, 142, 144, 137, 114], [39, 64, 75, 85, 72, 57, 37]]]",bread
US,"[[[85, 109], [111, 242]], [[106, 171, 246], [214, 216, 212]], [[221, 196], [188, 76]], [[192, 80], [82, 114]], [[85, 58, 27, 9, 0, 4, 20, 45, 77, 119, 172, 221, 244, 254, 253, 243, 212], [119, 119, 113, 99, 78, 55, 32, 15, 4, 0, 4, 13, 21, 33, 50, 63, 92]]]",bread
US,"[[[5, 0, 0, 6, 15, 20, 28, 47, 97, 172, 210, 215, 222, 226, 229, 225, 206, 190, 169, 128, 108, 96, 91, 75, 68, 55, 42, 19, 3], [88, 96, 159, 214, 246, 253, 255, 254, 240, 239, 232, 229, 216, 190, 90, 62, 26, 12, 2, 1, 15, 37, 71, 22, 14, 5, 2, 2, 19]]]",bread
TH,"[[[7, 30, 84, 186, 183], [250, 255, 253, 242, 239]], [[13, 11, 8, 19, 18, 8, 4, 0, 7, 15, 21, 34, 59, 72, 76, 87, 120, 137, 153, 173, 186, 195, 197, 193], [241, 236, 160, 91, 86, 86, 79, 54, 32, 19, 15, 14, 18, 34, 47, 26, 4, 0, 2, 13, 27, 44, 60, 75]]]",bread
NL,"[[[2, 0, 6, 15, 23, 31, 41, 59, 64, 103, 118, 126, 132, 134, 188, 220, 255, 250, 226, 210, 194, 172, 158, 143, 118, 113, 81, 28], [218, 182, 141, 106, 93, 87, 86, 111, 115, 93, 91, 95, 126, 209, 138, 105, 76, 53, 19, 15, 25, 6, 1, 0, 22, 40, 50, 80]], [[5, 40, 115, 139], [211, 215, 212, 215]]]",bread
NL,"[[[61, 26, 7, 1, 1, 9, 18, 49, 206, 235, 250, 255, 252, 236, 218, 157, 67], [3, 7, 14, 21, 36, 50, 57, 69, 86, 82, 75, 69, 45, 30, 22, 7, 4]], [[75, 55, 54, 59, 68, 82, 104], [0, 24, 28, 29, 29, 22, 1]], [[129, 115, 114, 118, 125, 133, 152], [7, 27, 38, 42, 43, 40, 20]], [[195, 182, 174, 174, 185, 206, 225], [21, 33, 48, 60, 63, 47, 16]], [[151, 156, 163], [27, 14, 7]]]",bread
FI,"[[[1, 1, 11, 55, 202, 243, 252, 255, 249, 244, 230, 205, 181, 157, 94, 60, 42, 16, 0, 1], [141, 135, 139, 138, 116, 100, 100, 95, 61, 50, 30, 12, 3, 0, 5, 17, 28, 52, 93, 152]], [[115, 105, 96, 78], [1, 4, 20, 83]], [[166, 160, 141, 126, 124], [6, 8, 37, 70, 80]]]",bread
PL,"[[[86, 69, 50, 36, 32, 43, 119, 248, 254, 253, 239, 188, 141, 77], [0, 2, 19, 41, 61, 66, 70, 70, 68, 53, 41, 18, 7, 0]], [[89, 92], [1, 23]], [[114, 123], [4, 26]], [[152, 163, 169], [11, 22, 35]], [[0, 2, 11, 18, 34, 40, 44, 44, 0, 4], [113, 100, 83, 79, 78, 83, 92, 140, 137, 107]], [[7, 12, 20, 28, 33], [114, 100, 91, 87, 89]]]",bread
DE,"[[[110, 51, 19, 0, 3, 29, 62, 89, 156, 179, 203, 243, 253, 255, 253, 237, 200, 154, 133, 113, 97, 92], [0, 28, 48, 87, 114, 141, 158, 163, 163, 160, 153, 136, 115, 102, 90, 68, 44, 23, 17, 6, 2, 4]], [[48, 68, 123], [94, 68, 9]], [[103, 120, 170], [104, 79, 27]], [[144, 168, 190, 214], [118, 99, 73, 52]]]",bread
US,"[[[132, 106, 69, 43, 23, 4, 0, 0, 17, 34, 84, 120, 172, 223, 248, 255, 255, 245, 234, 205, 124], [6, 4, 9, 17, 30, 55, 68, 86, 101, 108, 108, 118, 116, 110, 94, 81, 70, 37, 21, 12, 5]], [[70, 77, 77, 75], [8, 21, 38, 44]], [[131, 140, 145, 145, 142], [0, 15, 33, 48, 55]]]",bread
HK,"[[[66, 60, 55, 54, 57, 79, 111, 136, 150, 168, 169, 164], [82, 76, 57, 30, 23, 5, 0, 8, 20, 64, 77, 84]], [[63, 36, 20, 14, 5, 0, 2], [80, 52, 50, 55, 70, 92, 107]], [[169, 194, 222, 236, 247, 251], [80, 64, 64, 76, 91, 118]], [[249, 249, 255, 238, 214, 190, 21, 15, 15, 2, 3], [112, 166, 184, 191, 197, 198, 196, 183, 155, 119, 109]], [[25, 35, 36, 24, 25, 87, 50, 47, 50, 69, 144, 142, 103], [103, 101, 108, 138, 142, 89, 149, 156, 157, 149, 102, 108, 158]]]",bread
US,"[[[32, 40, 49, 51, 51, 40, 41, 48, 134, 177, 182, 182, 180, 173, 167, 171, 177, 183, 238, 253, 255, 251, 236, 200, 169, 132, 122, 104, 77, 32, 6, 0, 4, 14, 31], [61, 67, 84, 117, 149, 193, 203, 207, 207, 202, 187, 159, 149, 136, 104, 76, 68, 66, 59, 53, 40, 32, 22, 17, 4, 10, 9, 1, 1, 16, 33, 46, 54, 60, 63]]]",bread
RS,"[[[178, 156, 119, 42, 30, 17, 7, 0, 1, 16, 36, 63, 127, 163, 200, 236, 250, 255, 246, 232, 208, 161], [1, 5, 5, 17, 21, 31, 41, 55, 67, 93, 106, 110, 110, 105, 93, 70, 58, 40, 18, 6, 2, 4]], [[58, 73, 80], [17, 41, 66]], [[110, 114, 125, 137], [8, 10, 31, 68]], [[166, 170, 183, 188, 189], [4, 5, 27, 40, 58]]]",bread
FI,"[[[11, 36, 75, 90, 106, 134, 197, 209, 228, 250, 254, 251, 245, 226, 94, 41, 20, 9, 2, 0, 3, 14, 59, 121, 228, 243, 251, 255, 254, 252, 239, 212], [7, 4, 5, 11, 24, 11, 0, 0, 13, 7, 44, 70, 77, 81, 80, 73, 65, 54, 43, 26, 22, 15, 7, 4, 4, 11, 22, 42, 58, 65, 82, 96]]]",bread
US,"[[[58, 75, 54, 38, 28, 31, 38, 56, 66, 84, 115, 127, 139, 151, 163, 182, 190, 212, 229, 248, 255, 248, 223, 208, 193, 179, 152, 69, 40, 14, 4, 0, 4, 17, 47, 92, 107], [34, 16, 17, 29, 59, 67, 68, 54, 23, 22, 36, 17, 7, 1, 1, 10, 23, 9, 15, 33, 64, 102, 182, 209, 226, 234, 239, 242, 239, 231, 220, 189, 162, 129, 86, 49, 43]]]",bread
US,"[[[0, 7, 54, 79, 166, 230, 247, 255, 249, 236, 186, 135, 93, 42, 25, 3, 0, 7], [37, 44, 69, 74, 81, 93, 84, 65, 46, 32, 15, 5, 0, 1, 4, 17, 24, 42]], [[203, 201], [50, 68]], [[172, 170], [43, 69]], [[134, 131], [43, 61]], [[106, 100], [43, 61]], [[62, 60], [39, 51]]]",bread
DE,"[[[13, 28, 38, 98, 246, 254, 255, 250, 240, 230, 189, 157, 130, 108, 76, 55, 18, 1, 0, 10, 21], [24, 11, 7, 0, 11, 22, 40, 54, 66, 74, 79, 93, 101, 101, 95, 90, 73, 50, 32, 21, 22]], [[64, 74, 77], [4, 18, 29]], [[110, 123, 126], [0, 20, 34]], [[151, 169], [5, 25]]]",bread
